0	1
0.010000000000000000208	0.99859999999997817177
0.020000000000000000416	0.99469999999997860129
0.02999999999999999889	0.98909999999997921805
0.040000000000000000833	0.98219999999997997797
0.050000000000000002776	0.97439999999998083702
0.060000000000000004718	0.96599999999998176214
0.070000000000000006661	0.95729999999998272031
0.080000000000000001665	0.94849999999998368949
0.089999999999999996669	0.93969999999998465867
0.099999999999999991673	0.93099999999998561684
0.10999999999999998668	0.92259999999998654197
0.11999999999999998168	0.91439999999998744507
0.12999999999999997669	0.90659999999998830411
0.13999999999999998557	0.8991999999999891191
0.14999999999999999445	0.89209999999998990106
0.16000000000000000333	0.88539999999999063895
0.17000000000000001221	0.8790999999999913328
0.18000000000000002109	0.87329999999999197158
0.19000000000000002998	0.86779999999999257732
0.20000000000000003886	0.862699999999993139
0.21000000000000004774	0.85789999999999366764
0.22000000000000005662	0.85349999999999415223
0.2300000000000000655	0.84949999999999459277
0.24000000000000007438	0.84569999999999501128
0.25000000000000005551	0.84229999999999538574
0.26000000000000006439	0.83919999999999572715
0.27000000000000007327	0.83629999999999604654
0.28000000000000008216	0.8335999999999963439
0.29000000000000009104	0.83119999999999660822
0.30000000000000009992	0.82909999999999683951
0.3100000000000001088	0.82709999999999705977
0.32000000000000011768	0.82529999999999725802
0.33000000000000012657	0.82369999999999743423
0.34000000000000013545	0.82219999999999759943
0.35000000000000014433	0.82089999999999774261
0.36000000000000015321	0.81969999999999787477
0.37000000000000016209	0.81859999999999799591
0.38000000000000017097	0.81769999999999809503
0.39000000000000017986	0.81679999999999819416
0.40000000000000018874	0.81609999999999827125
0.41000000000000019762	0.81539999999999834834
0.4200000000000002065	0.81479999999999841442
0.43000000000000021538	0.81429999999999846949
0.44000000000000022427	0.81379999999999852456
0.45000000000000023315	0.81339999999999856861
0.46000000000000024203	0.81299999999999861267
0.47000000000000025091	0.81269999999999864571
0.48000000000000025979	0.81239999999999867875
0.49000000000000026867	0.81219999999999870077
0.50000000000000022204	0.81189999999999873381
0.51000000000000023093	0.81179999999999874483
0.52000000000000023981	0.81159999999999876685
0.53000000000000024869	0.81149999999999877787
0.54000000000000025757	0.81129999999999879989
0.55000000000000026645	0.81119999999999881091
0.56000000000000027534	0.81119999999999881091
0.57000000000000028422	0.81109999999999882192
0.5800000000000002931	0.81099999999999883293
0.59000000000000030198	0.81099999999999883293
0.60000000000000031086	0.81089999999999884395
0.61000000000000031974	0.81089999999999884395
0.62000000000000032863	0.81079999999999885496
0.63000000000000033751	0.81079999999999885496
0.64000000000000034639	0.81079999999999885496
0.65000000000000035527	0.81079999999999885496
0.66000000000000036415	0.81079999999999885496
0.67000000000000037303	0.81079999999999885496
0.68000000000000038192	0.81069999999999886597
0.6900000000000003908	0.81069999999999886597
0.70000000000000039968	0.81069999999999886597
0.71000000000000040856	0.81069999999999886597
0.72000000000000041744	0.81069999999999886597
0.73000000000000042633	0.81069999999999886597
0.74000000000000043521	0.81069999999999886597
0.75000000000000044409	0.81069999999999886597
0.76000000000000045297	0.81069999999999886597
0.77000000000000046185	0.81069999999999886597
0.78000000000000047073	0.81069999999999886597
0.79000000000000047962	0.81069999999999886597
0.8000000000000004885	0.81069999999999886597
0.81000000000000049738	0.81069999999999886597
0.82000000000000050626	0.81069999999999886597
0.83000000000000051514	0.81069999999999886597
0.84000000000000052403	0.81069999999999886597
0.85000000000000053291	0.81069999999999886597
0.86000000000000054179	0.81069999999999886597
0.87000000000000055067	0.81069999999999886597
0.88000000000000055955	0.81069999999999886597
0.89000000000000056843	0.81069999999999886597
0.90000000000000057732	0.81069999999999886597
0.9100000000000005862	0.81069999999999886597
0.92000000000000059508	0.81069999999999886597
0.93000000000000060396	0.81069999999999886597
0.94000000000000061284	0.81069999999999886597
0.95000000000000062172	0.81069999999999886597
0.96000000000000063061	0.81069999999999886597
0.97000000000000063949	0.81069999999999886597
0.98000000000000064837	0.81069999999999886597
0.99000000000000065725	0.81069999999999886597
1	0.81069999989999996792
